a <- c(1, 2)

#v3