a <- c(1, 2)

# v2
b <- c(2, 3)